10
36 196
A 1
B 1
B 1
B 1
B 1
B 1
A 1
B 1
A 1
B 1
A 1
B 1
A 1
A 1
B 1
B 1
B 1
A 1
A 1
A 1
A 1
A 1
A 1
B 1
B 1
B 1
B 1
B 1
B 1
A 1
B 1
A 1
A 1
B 1
B 1
B 1
1 2
1 4
1 5
1 6
1 8
1 9
1 10
1 20
1 23
1 26
1 30
1 32
1 36
2 4
2 6
2 12
2 17
2 22
2 26
2 33
2 35
3 7
3 8
3 9
3 11
3 13
3 17
3 18
3 24
3 26
3 33
4 5
4 7
4 12
4 13
4 14
4 15
4 18
4 20
4 22
4 23
4 27
4 32
4 35
5 6
5 8
5 9
5 11
5 15
5 19
5 25
5 26
5 27
5 28
5 32
5 35
5 36
6 7
6 8
6 9
6 20
6 24
6 27
6 30
6 31
6 34
7 10
7 20
7 23
7 24
7 30
7 31
7 32
7 33
7 36
8 10
8 11
8 14
8 16
8 18
8 19
8 20
8 22
8 25
8 26
8 29
8 36
9 24
9 28
9 30
9 34
9 36
10 18
10 20
10 21
10 25
10 26
10 31
10 33
10 34
11 12
11 13
11 20
11 23
11 25
11 28
11 33
11 34
11 35
12 17
12 18
12 22
12 25
12 26
12 29
12 30
12 31
12 34
12 35
13 14
13 15
13 17
13 20
13 21
13 25
13 29
13 31
14 20
14 21
14 23
14 29
14 33
15 20
15 31
16 17
16 18
16 23
16 27
16 29
16 33
16 35
17 18
17 19
17 21
17 29
17 31
17 32
17 34
17 35
18 19
18 23
18 27
18 28
18 29
18 33
18 34
18 36
19 21
19 22
19 23
19 25
19 26
19 29
19 33
19 36
20 22
20 23
20 29
20 32
21 22
21 25
21 34
21 36
22 34
22 36
23 31
23 32
23 35
24 27
24 28
24 31
24 36
25 27
25 31
25 33
25 35
26 35
28 30
29 30
29 31
30 31
30 32
30 36
31 33
33 36
35 36
36 196
A 84
B 87
B 78
B 16
B 94
B 36
A 87
B 93
A 50
B 22
A 63
B 28
A 91
A 60
B 64
B 27
B 41
A 27
A 73
A 37
A 12
A 69
A 68
B 30
B 83
B 31
B 63
B 24
B 68
A 36
B 30
A 3
A 23
B 59
B 70
B 68
1 2
1 4
1 5
1 6
1 8
1 9
1 10
1 20
1 23
1 26
1 30
1 32
1 36
2 4
2 6
2 12
2 17
2 22
2 26
2 33
2 35
3 7
3 8
3 9
3 11
3 13
3 17
3 18
3 24
3 26
3 33
4 5
4 7
4 12
4 13
4 14
4 15
4 18
4 20
4 22
4 23
4 27
4 32
4 35
5 6
5 8
5 9
5 11
5 15
5 19
5 25
5 26
5 27
5 28
5 32
5 35
5 36
6 7
6 8
6 9
6 20
6 24
6 27
6 30
6 31
6 34
7 10
7 20
7 23
7 24
7 30
7 31
7 32
7 33
7 36
8 10
8 11
8 14
8 16
8 18
8 19
8 20
8 22
8 25
8 26
8 29
8 36
9 24
9 28
9 30
9 34
9 36
10 18
10 20
10 21
10 25
10 26
10 31
10 33
10 34
11 12
11 13
11 20
11 23
11 25
11 28
11 33
11 34
11 35
12 17
12 18
12 22
12 25
12 26
12 29
12 30
12 31
12 34
12 35
13 14
13 15
13 17
13 20
13 21
13 25
13 29
13 31
14 20
14 21
14 23
14 29
14 33
15 20
15 31
16 17
16 18
16 23
16 27
16 29
16 33
16 35
17 18
17 19
17 21
17 29
17 31
17 32
17 34
17 35
18 19
18 23
18 27
18 28
18 29
18 33
18 34
18 36
19 21
19 22
19 23
19 25
19 26
19 29
19 33
19 36
20 22
20 23
20 29
20 32
21 22
21 25
21 34
21 36
22 34
22 36
23 31
23 32
23 35
24 27
24 28
24 31
24 36
25 27
25 31
25 33
25 35
26 35
28 30
29 30
29 31
30 31
30 32
30 36
31 33
33 36
35 36
44 319
A 1
B 1
A 1
A 1
B 1
B 1
A 1
B 1
B 1
A 1
A 1
A 1
B 1
A 1
A 1
B 1
A 1
A 1
B 1
B 1
B 1
A 1
B 1
A 1
B 1
B 1
A 1
A 1
A 1
B 1
A 1
A 1
A 1
A 1
A 1
B 1
A 1
B 1
B 1
A 1
A 1
A 1
A 1
A 1
1 2
1 6
1 7
1 8
1 10
1 12
1 13
1 15
1 17
1 19
1 20
1 25
1 26
1 35
1 38
1 40
1 44
2 3
2 4
2 6
2 8
2 9
2 11
2 12
2 13
2 16
2 21
2 23
2 30
2 41
2 43
3 4
3 5
3 7
3 16
3 17
3 19
3 20
3 21
3 25
3 26
3 27
3 28
3 31
3 33
3 41
3 43
3 44
4 9
4 13
4 15
4 18
4 23
4 24
4 25
4 26
4 29
4 30
4 32
4 34
4 37
4 38
4 42
5 7
5 10
5 13
5 15
5 16
5 21
5 23
5 28
5 29
5 32
5 35
5 37
5 42
5 43
6 7
6 9
6 10
6 12
6 14
6 16
6 25
6 30
6 31
6 32
6 35
6 40
6 41
6 43
7 11
7 13
7 15
7 21
7 25
7 27
7 29
7 41
7 44
8 15
8 21
8 23
8 26
8 29
8 32
8 41
9 18
9 23
9 35
9 37
9 42
9 44
10 15
10 16
10 17
10 19
10 20
10 21
10 22
10 24
10 28
10 35
10 36
10 38
10 39
10 43
11 14
11 18
11 19
11 24
11 25
11 28
11 29
11 34
11 35
11 36
11 37
11 38
12 13
12 14
12 24
12 25
12 28
12 30
12 31
12 33
12 35
12 38
12 39
12 41
13 15
13 16
13 17
13 22
13 28
13 29
13 31
13 34
13 39
13 44
14 16
14 17
14 18
14 20
14 25
14 29
14 31
14 33
14 36
14 37
14 38
14 39
14 41
14 44
15 18
15 23
15 28
15 33
15 36
15 37
15 39
15 41
15 44
16 17
16 20
16 21
16 25
16 26
16 28
16 36
16 37
16 38
16 39
16 41
16 42
16 44
17 19
17 20
17 21
17 24
17 38
17 40
17 41
18 24
18 26
18 27
18 31
18 32
18 38
18 41
18 44
19 20
19 23
19 24
19 25
19 26
19 30
19 33
19 34
19 35
19 39
19 41
19 43
19 44
20 27
20 29
20 35
20 36
20 39
20 44
21 22
21 27
21 33
21 40
21 41
22 26
22 29
22 34
22 36
22 37
22 40
22 41
23 26
23 27
23 29
23 31
23 34
23 37
23 38
23 43
24 25
24 29
24 33
24 37
24 40
24 43
25 26
25 30
25 34
25 35
25 36
25 39
25 40
25 41
26 30
26 35
26 37
26 39
26 40
27 30
27 32
27 39
27 40
28 30
28 32
28 40
28 43
29 31
29 36
29 37
29 38
29 40
30 31
30 34
30 35
30 37
30 42
31 33
31 35
31 36
31 38
31 40
31 42
31 44
32 33
32 39
32 40
32 43
33 35
33 36
33 39
34 37
34 39
35 38
35 40
35 44
37 38
37 40
37 42
38 39
38 43
39 40
39 44
40 43
41 42
41 44
42 44
43 44
44 319
A 94
B 57
A 12
A 43
B 30
B 74
A 22
B 20
B 85
A 38
A 99
A 25
B 16
A 71
A 14
B 27
A 92
A 81
B 57
B 74
B 63
A 71
B 97
A 82
B 6
B 26
A 85
A 28
A 37
B 6
A 47
A 30
A 14
A 58
A 25
B 96
A 83
B 46
B 15
A 68
A 35
A 65
A 44
A 51
1 2
1 6
1 7
1 8
1 10
1 12
1 13
1 15
1 17
1 19
1 20
1 25
1 26
1 35
1 38
1 40
1 44
2 3
2 4
2 6
2 8
2 9
2 11
2 12
2 13
2 16
2 21
2 23
2 30
2 41
2 43
3 4
3 5
3 7
3 16
3 17
3 19
3 20
3 21
3 25
3 26
3 27
3 28
3 31
3 33
3 41
3 43
3 44
4 9
4 13
4 15
4 18
4 23
4 24
4 25
4 26
4 29
4 30
4 32
4 34
4 37
4 38
4 42
5 7
5 10
5 13
5 15
5 16
5 21
5 23
5 28
5 29
5 32
5 35
5 37
5 42
5 43
6 7
6 9
6 10
6 12
6 14
6 16
6 25
6 30
6 31
6 32
6 35
6 40
6 41
6 43
7 11
7 13
7 15
7 21
7 25
7 27
7 29
7 41
7 44
8 15
8 21
8 23
8 26
8 29
8 32
8 41
9 18
9 23
9 35
9 37
9 42
9 44
10 15
10 16
10 17
10 19
10 20
10 21
10 22
10 24
10 28
10 35
10 36
10 38
10 39
10 43
11 14
11 18
11 19
11 24
11 25
11 28
11 29
11 34
11 35
11 36
11 37
11 38
12 13
12 14
12 24
12 25
12 28
12 30
12 31
12 33
12 35
12 38
12 39
12 41
13 15
13 16
13 17
13 22
13 28
13 29
13 31
13 34
13 39
13 44
14 16
14 17
14 18
14 20
14 25
14 29
14 31
14 33
14 36
14 37
14 38
14 39
14 41
14 44
15 18
15 23
15 28
15 33
15 36
15 37
15 39
15 41
15 44
16 17
16 20
16 21
16 25
16 26
16 28
16 36
16 37
16 38
16 39
16 41
16 42
16 44
17 19
17 20
17 21
17 24
17 38
17 40
17 41
18 24
18 26
18 27
18 31
18 32
18 38
18 41
18 44
19 20
19 23
19 24
19 25
19 26
19 30
19 33
19 34
19 35
19 39
19 41
19 43
19 44
20 27
20 29
20 35
20 36
20 39
20 44
21 22
21 27
21 33
21 40
21 41
22 26
22 29
22 34
22 36
22 37
22 40
22 41
23 26
23 27
23 29
23 31
23 34
23 37
23 38
23 43
24 25
24 29
24 33
24 37
24 40
24 43
25 26
25 30
25 34
25 35
25 36
25 39
25 40
25 41
26 30
26 35
26 37
26 39
26 40
27 30
27 32
27 39
27 40
28 30
28 32
28 40
28 43
29 31
29 36
29 37
29 38
29 40
30 31
30 34
30 35
30 37
30 42
31 33
31 35
31 36
31 38
31 40
31 42
31 44
32 33
32 39
32 40
32 43
33 35
33 36
33 39
34 37
34 39
35 38
35 40
35 44
37 38
37 40
37 42
38 39
38 43
39 40
39 44
40 43
41 42
41 44
42 44
43 44
20 64
B 1
A 1
A 1
B 1
B 1
A 1
B 1
A 1
B 1
B 1
B 1
A 1
A 1
A 1
B 1
A 1
B 1
A 1
B 1
B 1
1 5
1 10
1 12
1 13
1 14
1 15
1 16
1 18
1 20
2 5
2 7
2 8
2 9
2 15
2 16
2 17
2 18
2 19
2 20
3 6
3 7
3 14
3 15
3 20
4 7
4 8
4 12
4 13
4 19
5 6
5 7
5 8
5 12
5 18
6 7
6 9
7 11
7 14
7 15
7 18
7 19
8 10
8 11
8 17
9 11
9 16
9 17
9 19
10 13
10 14
10 16
10 18
11 14
12 16
12 19
13 16
13 18
13 19
14 16
14 17
14 19
15 18
16 20
18 20
20 64
B 88
A 9
A 77
B 79
B 89
A 85
B 4
A 52
B 55
B 100
B 33
A 61
A 77
A 69
B 40
A 13
B 27
A 87
B 95
B 40
1 5
1 10
1 12
1 13
1 14
1 15
1 16
1 18
1 20
2 5
2 7
2 8
2 9
2 15
2 16
2 17
2 18
2 19
2 20
3 6
3 7
3 14
3 15
3 20
4 7
4 8
4 12
4 13
4 19
5 6
5 7
5 8
5 12
5 18
6 7
6 9
7 11
7 14
7 15
7 18
7 19
8 10
8 11
8 17
9 11
9 16
9 17
9 19
10 13
10 14
10 16
10 18
11 14
12 16
12 19
13 16
13 18
13 19
14 16
14 17
14 19
15 18
16 20
18 20
30 161
A 1
B 1
B 1
B 1
A 1
B 1
B 1
B 1
B 1
A 1
B 1
B 1
B 1
A 1
B 1
B 1
A 1
B 1
B 1
A 1
B 1
B 1
A 1
A 1
A 1
A 1
A 1
B 1
B 1
A 1
1 4
1 5
1 6
1 9
1 10
1 16
1 18
1 19
1 26
1 27
1 28
2 5
2 10
2 12
2 15
2 21
2 23
2 26
2 27
2 29
3 6
3 8
3 10
3 12
3 16
3 23
3 26
3 28
4 9
4 13
4 14
4 24
5 7
5 9
5 12
5 16
5 19
5 20
5 21
5 30
6 7
6 8
6 10
6 11
6 17
6 18
6 20
6 25
6 26
6 29
7 13
7 17
7 19
7 23
7 24
7 27
7 30
8 13
8 14
8 19
8 20
8 21
8 24
8 25
8 26
8 27
8 28
8 29
8 30
9 12
9 13
9 14
9 17
9 18
9 21
9 24
9 25
9 28
9 29
10 11
10 12
10 13
10 15
10 16
10 18
10 21
10 24
10 25
10 27
11 12
11 15
11 16
11 18
11 20
11 24
12 16
12 17
12 18
12 20
12 21
12 22
12 25
12 26
12 27
12 28
13 14
13 18
13 20
13 22
13 27
13 28
13 29
14 15
14 16
14 17
14 20
14 25
14 28
14 29
14 30
15 21
15 24
15 28
15 29
15 30
16 17
16 25
16 28
17 20
17 21
17 25
18 21
18 27
18 29
19 25
19 26
19 27
19 29
19 30
20 23
20 28
20 29
21 22
21 29
21 30
22 23
22 27
22 28
23 29
24 26
24 27
24 28
24 29
24 30
25 26
25 28
26 27
26 28
28 29
28 30
29 30
30 161
A 96
B 71
B 35
B 79
A 68
B 2
B 98
B 3
B 18
A 93
B 53
B 57
B 2
A 81
B 87
B 42
A 66
B 90
B 45
A 20
B 41
B 30
A 32
A 18
A 98
A 72
A 82
B 76
B 10
A 28
1 4
1 5
1 6
1 9
1 10
1 16
1 18
1 19
1 26
1 27
1 28
2 5
2 10
2 12
2 15
2 21
2 23
2 26
2 27
2 29
3 6
3 8
3 10
3 12
3 16
3 23
3 26
3 28
4 9
4 13
4 14
4 24
5 7
5 9
5 12
5 16
5 19
5 20
5 21
5 30
6 7
6 8
6 10
6 11
6 17
6 18
6 20
6 25
6 26
6 29
7 13
7 17
7 19
7 23
7 24
7 27
7 30
8 13
8 14
8 19
8 20
8 21
8 24
8 25
8 26
8 27
8 28
8 29
8 30
9 12
9 13
9 14
9 17
9 18
9 21
9 24
9 25
9 28
9 29
10 11
10 12
10 13
10 15
10 16
10 18
10 21
10 24
10 25
10 27
11 12
11 15
11 16
11 18
11 20
11 24
12 16
12 17
12 18
12 20
12 21
12 22
12 25
12 26
12 27
12 28
13 14
13 18
13 20
13 22
13 27
13 28
13 29
14 15
14 16
14 17
14 20
14 25
14 28
14 29
14 30
15 21
15 24
15 28
15 29
15 30
16 17
16 25
16 28
17 20
17 21
17 25
18 21
18 27
18 29
19 25
19 26
19 27
19 29
19 30
20 23
20 28
20 29
21 22
21 29
21 30
22 23
22 27
22 28
23 29
24 26
24 27
24 28
24 29
24 30
25 26
25 28
26 27
26 28
28 29
28 30
29 30
18 55
A 1
B 1
A 1
B 1
B 1
A 1
A 1
A 1
B 1
B 1
A 1
B 1
A 1
A 1
B 1
B 1
A 1
A 1
1 3
1 9
1 10
1 13
1 14
2 4
2 8
2 9
2 10
2 11
3 4
3 5
3 8
3 9
3 10
3 14
3 17
3 18
4 5
4 13
4 16
4 17
4 18
5 8
5 13
5 14
6 8
6 10
6 15
7 8
7 9
7 10
7 11
7 14
8 12
8 14
8 17
8 18
9 13
9 16
9 18
10 11
10 12
10 15
11 14
11 15
11 16
12 13
12 14
12 16
13 15
14 16
14 17
15 17
16 17
18 55
A 68
B 57
A 98
B 54
B 87
A 66
A 7
A 84
B 20
B 25
A 29
B 72
A 33
A 30
B 4
B 20
A 71
A 69
1 3
1 9
1 10
1 13
1 14
2 4
2 8
2 9
2 10
2 11
3 4
3 5
3 8
3 9
3 10
3 14
3 17
3 18
4 5
4 13
4 16
4 17
4 18
5 8
5 13
5 14
6 8
6 10
6 15
7 8
7 9
7 10
7 11
7 14
8 12
8 14
8 17
8 18
9 13
9 16
9 18
10 11
10 12
10 15
11 14
11 15
11 16
12 13
12 14
12 16
13 15
14 16
14 17
15 17
16 17